66666 1 020 1  202311 KABAYAN          2317 JELAWAT          20231221
23121512  057 1377  025 1006 1
23121518  064 1368  025 1004 1
23121600  070 1351  025 1006 1
23121606  073 1329  025 1004 1
23121612  074 1311  025 1006 1
23121618  073 1305  030 1004 1
23121621  071 1302  030 1004 1
23121700  068 1300  035 1002 2
23121703  069 1296  035 1002 2
23121706  070 1291  035 1002 2
23121709  070 1286  035 1002 2
23121712  070 1283  035 1002 2
23121715  071 1279  035 1002 2
23121718  071 1274  035 1002 2
23121721  071 1269  035 1002 2
23121800  071 1266  030 1004 1
23121803  072 1263  025 1006 1
23121806  072 1259  025 1006 1
23121809  072 1254  025 1006 1
23121812  071 1249  999 1008 6